0 1707
1 1175
1 1579
2 870
2 1162
3 1280
4 435
4 819
5 106
5 1144
5 1714
6 684
6 751
7 162
7 1510
7 1877
8 502
8 1168
9 35
9 1845
10 731
11 902
11 1616
12 1129
13 1036
14 260
14 307
14 756
15 610
15 1163
15 1823
16 206
16 1621
17 326
17 857
17 1505
18 933
19 927
20 682
21 938
22 264
22 614
22 1351
23 1314
24 140
24 207
24 772
25 497
25 551
25 1339
25 1402
26 1823
27 751
28 1745
29 945
30 1123
31 630
31 1432
31 1693
32 1401
33 955
34 974
36 166
37 1044
37 1298
37 1603
37 1612
37 1628
38 1134
38 1414
39 1530
40 975
41 978
42 983
42 1073
42 1400
42 1862
43 986
43 1146
44 987
45 772
45 1806
46 569
46 889
47 925
48 989
49 645
50 324
50 855
50 1562
51 655
51 1586
52 1447
53 183
54 1126
54 1250
55 990
56 131
56 147
56 1300
57 523
57 1222
57 1475
58 1539
58 1776
59 1567
60 170
60 1247
60 1687
61 991
62 529
63 1304
63 1397
63 1775
63 1783
64 1011
65 1012
66 301
67 375
68 1592
68 1644
69 96
69 410
69 1191
70 1014
71 937
72 180
72 284
72 690
72 893
73 1545
74 1141
74 1532
75 1021
76 530
77 699
78 90
78 1240
78 1335
78 1726
79 307
80 814
80 891
80 1604
81 1440
81 1618
82 609
83 86
84 793
85 317
85 977
87 441
87 1651
88 185
88 385
88 862
88 1643
88 1771
89 311
90 1082
90 1346
91 269
91 594
91 943
91 1519
92 1073
92 1795
93 173
93 951
93 1225
94 1022
94 1473
95 196
95 431
96 1181
97 578
97 581
97 624
97 1187
98 181
98 346
98 404
99 1004
99 1092
99 1818
100 1283
100 1831
101 749
101 1388
101 1608
101 1626
102 1035
103 493
103 628
104 141
104 193
104 562
104 1268
104 1871
105 1443
107 694
108 1047
109 1049
110 469
110 871
110 1858
111 1058
112 428
113 1072
114 535
115 779
115 1829
116 378
116 1354
116 1522
117 1027
118 523
118 1145
118 1363
118 1461
119 585
119 636
120 1077
121 277
121 1528
121 1777
122 846
122 992
122 1426
122 1877
123 420
123 1311
123 1760
124 133
125 237
125 800
125 1146
125 1398
126 1097
127 145
127 416
127 485
127 917
127 953
127 1127
127 1151
127 1304
127 1849
128 1810
129 706
130 1106
132 318
132 1404
133 1585
134 1574
134 1627
134 1668
135 1110
136 1112
137 1857
138 513
138 1832
139 1128
139 1212
139 1352
141 1339
141 1567
141 1580
142 723
143 1665
144 263
145 1420
146 1118
147 1055
147 1225
147 1632
147 1816
148 1008
148 1083
149 1119
150 1125
151 322
151 1404
152 901
152 1645
152 1679
152 1776
153 1132
154 1136
155 548
156 427
156 907
157 468
157 1479
157 1640
158 1636
159 781
160 892
160 905
160 1185
161 728
161 1752
162 582
162 1439
163 1143
164 1148
165 364
165 759
165 965
166 404
167 467
167 564
168 443
168 883
168 1005
168 1367
169 407
169 414
169 1695
171 1404
171 1772
172 411
172 784
172 1006
172 1463
173 851
174 701
174 1016
174 1440
174 1607
175 656
176 511
176 1057
177 1877
178 1149
179 1167
180 607
181 220
181 1280
182 1344
183 715
184 207
184 684
184 698
184 1624
185 370
185 631
186 305
187 336
188 352
189 649
189 792
189 1190
189 1795
190 957
190 1301
191 303
191 665
192 1175
192 1518
193 552
193 1187
193 1473
193 1486
193 1561
194 277
194 451
194 642
195 1839
196 441
196 491
196 891
196 1829
197 1164
198 1586
199 362
199 1185
199 1816
200 260
200 1534
201 966
201 1510
202 1365
202 1647
203 795
204 625
205 1506
207 923
207 1051
207 1093
207 1755
208 594
209 283
210 431
210 895
211 1151
211 1508
212 344
213 1365
214 553
214 1294
214 1315
215 805
216 1568
217 976
218 559
218 813
218 360
218 1331
218 1436
218 1591
218 1833
218 870
218 909
218 1349
219 1171
220 852
220 1045
220 1184
221 467
221 1812
222 1174
223 1142
223 1611
224 253
224 1606
225 584
225 892
225 1806
226 272
226 781
227 488
227 968
228 472
228 947
229 586
229 643
230 1065
231 1197
232 922
233 1377
233 1612
234 625
234 809
234 831
234 1167
234 1236
235 923
235 1022
235 1344
236 622
236 963
236 1225
236 1497
237 408
238 776
239 364
240 1203
241 1459
241 1775
242 1313
243 954
244 1042
244 1266
244 1632
245 1205
246 651
247 968
247 1528
248 1223
249 1726
250 455
250 1216
251 581
251 783
252 1228
253 459
254 554
255 1364
255 1834
256 1229
257 922
258 1006
258 1446
259 367
260 1008
260 1032
261 1547
262 1230
263 1083
263 1525
264 1464
264 1493
264 1532
264 1763
265 422
266 510
267 354
268 827
268 966
270 1232
271 717
271 1068
271 1248
271 1584
272 440
273 590
274 327
275 399
275 972
275 1285
275 1395
275 1609
276 1239
277 1852
278 450
278 944
279 547
279 797
279 1200
280 760
281 986
282 616
282 1278
282 1569
283 708
284 1704
285 958
285 1043
286 1523
287 1251
288 761
288 929
288 959
289 1741
290 1739
291 470
291 1634
292 1566
293 1263
294 782
294 1806
295 1637
296 341
296 475
296 960
296 1287
296 1370
297 761
298 1862
299 628
299 1257
299 1314
299 1775
300 639
301 1185
302 492
302 1658
303 1729
304 375
304 1350
306 1273
306 1416
306 1473
306 1603
307 1201
307 1549
308 1287
309 1138
310 1330
312 1269
313 1277
314 934
315 1400
316 1297
316 1352
317 694
317 996
319 1281
319 1859
320 1385
320 1643
321 1117
321 1244
322 1038
323 1271
324 825
324 1460
325 1819
326 500
326 725
326 1094
326 1156
326 1761
327 1456
328 1282
329 995
329 1103
329 1312
329 1737
330 1013
330 1317
331 1286
332 1289
333 1624
334 806
334 1765
335 520
336 1818
337 1046
337 1614
338 1569
339 555
339 699
339 933
340 1285
340 1541
340 1656
341 596
342 1299
343 915
343 1615
343 1797
344 483
344 1039
345 1302
346 554
346 1124
346 1202
346 1577
347 1307
348 1865
349 1160
349 1291
350 780
350 1139
351 1308
352 1034
353 1172
354 1443
355 1319
356 1158
357 1176
357 1201
358 695
358 1812
358 1849
359 796
359 1177
360 1331
360 1436
360 1591
360 1833
360 559
360 870
360 909
360 1349
361 1322
362 800
362 956
362 1704
363 425
363 1062
364 1272
365 1347
366 1512
366 1857
368 822
368 1298
369 1353
370 670
371 1826
372 1357
373 813
373 967
373 1056
374 1268
376 548
377 1194
378 666
379 1403
379 1669
380 691
380 1550
381 1096
381 1529
382 509
382 716
382 1513
382 1742
382 1830
383 1393
384 923
386 933
386 1046
387 1346
387 1395
388 506
388 1713
388 1834
389 408
389 1393
389 1519
390 635
390 1456
391 625
392 950
392 1321
393 853
393 1653
394 1360
395 744
396 436
396 1648
397 1080
397 1116
398 454
398 1297
400 565
400 1146
401 474
401 640
401 1157
402 957
402 1650
403 1309
403 1758
405 1366
406 1465
406 1649
406 1881
407 659
407 799
407 1516
407 1845
409 431
410 580
410 636
411 1135
411 1843
412 1369
413 1078
414 1645
415 785
416 1743
417 1374
418 1382
419 1644
420 459
420 1178
421 867
421 1045
422 837
422 1121
423 1389
424 1009
424 1874
425 435
425 1094
426 1390
429 448
430 1392
431 445
431 1076
432 1568
433 1539
434 1525
434 1680
435 504
435 607
435 939
436 697
436 1038
436 1080
436 1443
437 576
437 606
437 685
437 717
438 487
438 1109
439 1474
441 1713
441 1761
442 941
442 1633
443 1091
443 1342
444 1394
445 1152
446 1415
447 600
448 460
448 649
448 1275
448 1429
448 1453
449 722
450 1235
451 1753
452 1025
453 1417
455 657
455 1264
456 617
456 1267
457 505
457 574
457 1764
458 890
458 1226
459 1107
459 1623
460 1214
460 1636
461 631
461 1343
461 1526
462 1407
462 1430
462 1498
462 1551
462 1849
463 1419
464 1550
464 1729
465 1424
466 1284
467 1819
468 1589
469 1316
470 594
471 1188
471 1288
471 1345
471 1391
472 1754
473 1428
475 1574
475 1764
476 1431
477 1296
478 513
479 1547
479 1591
480 576
480 1427
481 643
481 718
481 977
482 1438
484 1562
484 1717
485 766
486 503
488 1451
488 1552
489 1820
490 1793
491 1851
493 1321
494 889
495 773
496 832
496 1535
496 1715
498 1165
498 1661
499 744
501 1351
502 964
503 1172
505 805
506 1129
506 1651
507 792
507 1484
507 1501
508 850
508 1029
510 576
510 1059
510 1720
511 1426
512 1448
514 1553
515 864
516 1449
517 1454
518 586
518 900
519 1478
520 642
520 1272
520 1414
521 736
521 1113
521 1760
522 1141
523 1458
523 1659
523 1692
523 1742
524 1480
525 948
525 1093
526 1168
526 1187
527 971
527 1510
528 685
528 1305
529 541
529 841
531 1071
531 1116
531 1292
532 1491
533 1613
534 1503
535 1166
535 1802
536 1509
537 1531
538 1623
539 732
540 1444
541 1260
542 1241
543 1536
544 678
544 720
545 832
546 718
546 1740
547 821
547 1002
548 946
548 1410
549 730
549 1554
550 1219
551 1073
552 678
552 683
552 884
552 919
552 1265
554 1283
554 1811
555 1041
555 1362
556 1546
557 1452
558 644
558 729
558 940
558 1067
558 1287
559 870
559 909
559 1349
559 1331
559 1436
559 1591
559 1833
560 1277
561 1300
562 577
563 1557
565 970
566 1572
567 1191
568 1092
568 1620
568 1695
569 722
569 1038
569 1327
569 1520
570 1521
570 1775
571 1329
571 1429
572 1155
573 1576
574 711
575 1581
576 1617
577 911
578 1838
579 1073
580 1465
583 1165
584 805
584 1309
584 1605
585 1598
586 1038
586 1496
587 1582
588 1590
589 1479
589 1707
589 1714
589 1740
591 602
591 777
591 1306
591 1332
591 1511
592 853
593 1765
595 790
597 779
598 949
598 1378
598 1661
599 1498
600 842
601 1562
603 1800
604 873
604 1425
604 1871
605 1596
608 1599
609 760
609 781
609 1630
610 823
610 1188
610 1418
611 616
611 1108
612 1600
613 996
614 1191
615 1619
618 1127
618 1517
619 863
619 880
619 1812
620 1635
621 1105
621 1739
621 1773
623 1638
625 1111
626 780
627 929
627 1233
628 934
629 1654
632 856
632 1767
633 996
634 1752
635 908
635 956
635 1488
636 1458
637 981
637 1558
638 1655
640 1304
641 676
641 1191
642 1240
643 1610
645 1066
646 1157
646 1169
647 925
648 1262
648 1436
649 853
650 877
650 1326
650 1745
651 1422
652 883
652 1152
653 1662
654 1663
657 1140
657 1440
658 666
658 1573
659 1134
659 1470
659 1684
660 1660
660 1689
661 673
661 685
661 1468
662 1200
662 1355
663 716
663 1441
663 1677
664 1485
665 1116
667 1050
667 1512
667 1751
668 1670
669 907
670 1074
670 1719
671 895
671 900
672 1521
673 692
674 911
674 1667
675 842
676 697
676 1165
676 1734
677 1481
678 766
679 1555
680 1675
681 962
682 1446
686 1040
686 1303
686 1665
687 1678
688 800
688 915
689 1495
690 1019
691 803
692 1677
693 1685
694 821
694 1785
695 1155
696 1688
698 735
700 841
700 1499
700 1649
702 984
703 1721
704 1222
704 1268
704 1482
705 830
705 841
705 1190
705 1217
705 1563
706 1078
707 1408
707 1787
709 1283
710 1690
711 1652
712 1659
713 1691
714 1696
716 829
717 1456
717 1613
718 1841
719 988
719 1196
720 1617
721 1699
722 1105
722 1196
723 1085
724 1096
724 1515
726 1444
727 1270
729 1260
733 1706
734 1711
735 1342
735 1810
736 1163
736 1548
737 1004
737 1870
738 941
739 1140
739 1252
740 1712
741 815
741 1104
742 899
742 1625
743 1745
744 1556
745 1585
746 1246
747 1736
748 1718
750 1733
751 1524
752 1710
753 783
754 1735
755 797
757 1183
757 1285
757 1444
758 1585
759 1015
759 1468
760 1295
761 1507
762 921
762 1096
762 1838
763 1129
764 877
764 1457
764 1623
764 1682
765 1763
766 1469
767 770
767 1764
768 1747
769 1759
770 1186
770 1399
771 1335
772 1004
773 1740
774 1002
775 1464
775 1746
776 1087
776 1587
778 1770
780 1515
781 878
781 1216
781 1479
782 841
782 1660
783 900
783 1224
783 1766
784 940
785 1834
786 1018
786 1653
786 1875
787 965
788 1412
788 1583
789 1524
791 863
791 1273
791 1774
792 926
792 931
792 1048
793 1057
793 1429
794 906
794 1032
794 1561
798 1570
799 1356
800 1566
801 832
801 1083
802 1779
803 1235
804 1781
805 1504
805 1537
806 858
807 911
807 1684
807 1692
807 1738
807 1761
808 1786
809 1500
810 1789
811 1792
812 1796
816 1799
817 1420
818 1674
819 1413
819 1630
819 1771
820 1804
824 1202
824 1594
825 1775
826 1135
826 1179
826 1702
827 1314
828 1211
829 1701
831 1092
832 1023
832 1731
833 1805
834 1871
835 1338
835 1788
836 1527
837 1358
838 1195
838 1665
839 1025
840 1076
840 1386
841 1542
843 1300
844 1555
845 1809
846 1216
847 1320
847 1627
848 1813
849 1821
850 1404
850 1715
851 1090
854 1822
855 1341
855 1380
856 1063
856 1183
856 1657
857 1774
858 1541
859 1401
860 1490
861 1039
863 885
865 1824
866 1825
868 1827
869 1070
869 1161
870 1331
870 1436
870 1591
870 1833
870 909
870 1349
871 892
872 1408
872 1574
873 1866
874 1836
875 1763
876 901
876 1492
878 1560
879 1837
880 1686
880 1778
881 1656
882 1842
884 1215
884 1517
886 1512
887 1844
888 1436
889 1512
892 1549
893 1383
893 1542
894 1853
895 1455
895 1683
896 1763
897 1109
897 1512
898 1409
899 1186
899 1647
901 1616
903 1860
904 1861
907 1081
907 1512
908 1751
908 1812
909 1331
909 1436
909 1591
909 1833
909 1349
910 1864
911 1708
912 1761
913 963
913 1041
913 1160
913 1481
914 1868
915 1096
915 1209
916 959
916 1351
918 1873
919 1010
919 1539
919 1676
920 1348
920 1680
920 1798
921 1114
922 1669
924 1029
924 1332
924 1613
925 952
926 1204
928 1285
929 973
929 1426
930 1493
930 1614
931 1237
932 1141
934 1330
934 1630
934 1843
935 1856
936 1291
940 1528
941 1328
941 1574
942 1327
943 1242
944 1560
946 1614
949 1083
950 982
950 1721
953 1145
953 1820
954 1539
956 1113
956 1218
958 1053
959 1248
959 1274
961 1156
962 1075
963 985
963 1075
963 1745
965 1547
965 1626
965 1730
966 1183
969 1852
970 1037
971 1349
972 1206
976 1121
977 1192
979 1165
979 1206
980 1235
982 1664
982 1875
983 1544
984 1178
986 1340
988 1087
993 1450
993 1580
994 1851
997 1356
997 1605
998 1156
998 1869
999 1694
1000 1231
1001 1318
1003 1334
1003 1464
1004 1267
1007 1359
1015 1628
1016 1450
1016 1553
1016 1720
1017 1279
1017 1673
1018 1571
1019 1034
1019 1776
1020 1023
1020 1078
1020 1276
1020 1646
1020 1811
1020 1835
1022 1622
1023 1790
1024 1703
1026 1874
1028 1255
1030 1115
1031 1800
1032 1729
1033 1305
1033 1660
1036 1253
1038 1180
1041 1196
1042 1317
1042 1874
1043 1462
1044 1317
1044 1358
1044 1769
1045 1348
1046 1474
1046 1856
1050 1074
1052 1215
1052 1812
1053 1280
1053 1669
1054 1561
1055 1481
1055 1526
1057 1418
1060 1188
1061 1266
1064 1362
1066 1313
1066 1539
1067 1126
1068 1427
1068 1604
1069 1225
1071 1642
1076 1617
1079 1570
1081 1839
1083 1459
1084 1093
1086 1703
1086 1803
1087 1642
1088 1693
1088 1791
1089 1332
1089 1611
1091 1697
1092 1257
1092 1483
1092 1810
1094 1872
1095 1135
1095 1255
1095 1665
1096 1601
1098 1528
1098 1668
1099 1244
1099 1455
1100 1506
1101 1379
1101 1573
1102 1723
1104 1137
1104 1674
1105 1238
1105 1328
1107 1762
1109 1258
1109 1634
1113 1714
1113 1863
1114 1517
1114 1771
1115 1177
1115 1432
1115 1728
1116 1466
1117 1398
1120 1129
1120 1348
1121 1193
1122 1168
1130 1207
1130 1665
1131 1190
1131 1818
1133 1671
1138 1464
1139 1483
1140 1794
1144 1243
1145 1294
1145 1594
1146 1656
1146 1826
1147 1163
1147 1324
1150 1161
1151 1430
1151 1728
1152 1550
1152 1667
1153 1797
1154 1746
1155 1199
1155 1342
1156 1266
1159 1372
1160 1225
1160 1314
1163 1510
1165 1220
1165 1775
1166 1850
1167 1473
1167 1487
1167 1560
1170 1227
1170 1293
1170 1471
1173 1612
1175 1716
1177 1548
1178 1783
1179 1564
1181 1294
1182 1275
1184 1737
1188 1588
1189 1489
1191 1256
1192 1760
1192 1802
1193 1605
1196 1672
1198 1423
1198 1653
1199 1323
1201 1703
1206 1616
1206 1782
1208 1784
1209 1603
1210 1539
1212 1645
1213 1396
1213 1666
1215 1420
1220 1760
1221 1767
1222 1848
1222 1870
1224 1720
1225 1542
1225 1622
1226 1371
1234 1296
1235 1370
1236 1333
1238 1570
1238 1854
1243 1615
1245 1376
1247 1808
1248 1722
1248 1765
1249 1648
1249 1656
1252 1594
1254 1280
1259 1443
1259 1604
1261 1487
1261 1834
1262 1444
1262 1579
1265 1513
1267 1304
1270 1694
1273 1381
1274 1702
1275 1728
1275 1778
1275 1826
1278 1639
1279 1330
1284 1481
1285 1816
1287 1598
1290 1422
1290 1558
1291 1777
1294 1443
1295 1356
1300 1790
1303 1801
1309 1637
1310 1625
1310 1743
1320 1467
1325 1767
1326 1614
1327 1434
1327 1508
1328 1707
1329 1645
1331 1367
1331 1436
1331 1591
1331 1833
1331 1349
1332 1703
1333 1855
1336 1563
1337 1623
1341 1765
1342 1504
1345 1534
1345 1731
1349 1436
1349 1591
1349 1833
1355 1621
1356 1591
1361 1720
1362 1456
1362 1661
1365 1545
1365 1717
1365 1750
1368 1878
1370 1695
1371 1526
1373 1420
1375 1570
1375 1722
1376 1812
1378 1867
1380 1412
1380 1719
1383 1512
1384 1724
1387 1709
1393 1496
1397 1641
1397 1653
1402 1666
1402 1715
1403 1476
1404 1570
1404 1624
1405 1650
1405 1676
1406 1598
1407 1533
1409 1441
1410 1579
1411 1777
1418 1482
1418 1539
1418 1728
1420 1840
1421 1828
1423 1579
1427 1811
1429 1437
1432 1477
1433 1543
1433 1571
1433 1687
1434 1625
1435 1632
1436 1452
1436 1593
1436 1618
1436 1634
1436 1591
1436 1833
1437 1611
1437 1620
1439 1626
1441 1846
1442 1863
1444 1519
1445 1607
1450 1875
1460 1465
1460 1640
1470 1510
1472 1761
1472 1834
1474 1629
1475 1514
1475 1636
1477 1765
1484 1603
1485 1745
1486 1749
1487 1879
1488 1529
1488 1530
1488 1643
1493 1671
1494 1707
1495 1734
1499 1501
1499 1556
1500 1571
1502 1551
1510 1518
1510 1553
1514 1750
1514 1876
1519 1784
1521 1591
1523 1575
1525 1748
1532 1584
1535 1841
1538 1778
1539 1855
1540 1588
1540 1615
1542 1740
1544 1871
1547 1702
1548 1578
1549 1772
1556 1571
1559 1700
1561 1607
1563 1743
1565 1768
1567 1684
1571 1801
1585 1754
1591 1793
1591 1833
1592 1624
1592 1744
1595 1639
1597 1763
1602 1874
1605 1847
1615 1689
1617 1732
1621 1807
1623 1727
1625 1815
1626 1774
1627 1686
1628 1679
1631 1755
1639 1814
1642 1881
1646 1714
1649 1764
1656 1722
1669 1722
1671 1817
1676 1768
1681 1780
1681 1791
1682 1791
1683 1748
1692 1705
1697 1854
1698 1750
1704 1814
1708 1878
1724 1841
1725 1739
1732 1748
1738 1815
1755 1843
1756 1850
1757 1863
1766 1854
1771 1874
1774 1855
1776 1843
1776 1850
1829 1838
